101853141
101853027
72042423
71971407
72084158
101853169
101854129
71978895
101853144
101853141
101853170
101853121
101853141
72272062
71755731
71971493
71990563
101853042
71971458
101853338
101853142
101853149
71917530
101853141
71971394
101853140
101853140
71854261
71979860
71721778
71971404
71971472
101853133
101853141
101853744
71971545
101853140
101853140
101853744
101853147
71697486
71971350
71987865
72439020
71971404
101853136
71971551
71971418
71971521
71566676
71970526
101853028
101853034
101853143
71957576
71972234
101853148
71965339
101853141
101852398
71982260
101853123
71768626
101853483
101853139
71971410
101853141
101853550
101853801
101853576
71946808
101853140
71922510
71971404
101853144
72005148
71971418
101852526
71971522
101853140
71990332
101853002
71971405
71971418
101853140
101853640
101853140
72170392
71971561
72034799
101853138
101853192
71971404
101853141
101853147
71839460
101853782
101853138
71971390
71971405
